# @version $Id: //product/DAS/version/10.0.3/Java/atg/droplet/ExchangeRates.properties#2 $$Change: 651448 $
BE=40.3399
DE=1.95583
ES=166.386
FR=6.55957
IE=0.787564
IT=1936.27
LU=40.3399
NL=2.20371
AT=13.7603
PT=200.482
FI=5.94573
EURO=1.15
JP=132.299
US=1.00
